%%%%%%%%%%%%%%%%%%%%%%%%%%%%%%%%%%%%%%%%%%%%%%%%%%%%%%%%%%%%%%%%%%%%%%%%%%%%%%%%
%%      listing of gamma cascades by MAURINA/GAMMOC
%%
%%   GD157+N  KRK-D  3LO GAMMA-RAY STRENGTH (PAPER)
%%                                      MATNUM:  15711
%%   E_n= 5 keV
%%
%% date: 20221218 time: 180456.105/pgrabmayr
%%%%%%%%%%%%%%%%%%%%%%%%%%%%%%%%%%%$$%%%%%%%%%%%%%%%%%%%%%%%%%%%%%%%%%%%%%%%%%%%
%% En: neutron energy  [keV]
%% Ex: excitation energy [keV]
%% M:   multiplicity of gamma cascade;    M_max=20
%% Em: missing energy [keV]
%%              :=0 ground state after capture
%%              :=E_iso isomeric state after capture
%%   & M=M_max  :=E_left  left out due too many gammas
%% Eg1: energy of first photon [keV]
%% Eg2: energy of 2nd photon [keV] .....  EgM
%%%%%%%%%%%%%%%%%%%%%%%%%%%%%%%%%%%%%%%%%%%%%%%%%%%%%%%%%%%%%%%%%%%%%%%%%%%%%%%%
%% variables:
%% En/keV Ex/kev  M  Em/keV Eg1/keV Eg2/kev Eg3/kev etc.. EgM
%% format   :
%%  i6    i6 i3    i6    i6    i6    i6    i6    i6    i6    i6    i6
%%%%%%%%%%%%%%%%%%%%%%%%%%%%%%%%%%%%%%%%%%%%%%%%%%%%%%%%%%%%%%%%%%%%%%%%%%%%%%%%
     5  7941  4     0  1830  2292  3739    80
     5  7941  3     0  2443  5418    80
     5  7941  5     0  3856  2107   936   962    80
     5  7941  4     0  4174  3506   181    80
     5  7941  5     0  2329  3345  1290   897    80
     5  7941  4     0  4112  2787   962    80
     5  7941  2     0  5657  2284
     5  7941  4     0  1868  3075  2918    80
     5  7941  5     0  4050  1771  1078   962    80
     5  7941  3     0  6917   944    80
     5  7941  5     0  2026  3967   924   944    80
     5  7941  4     0  3559  3358   944    80
     5  7941  3     0  3700  3264   977
     5  7941  5     0  1380  2895  1730  1856    80
     5  7941  4     0  2047  4631  1183    80
     5  7941  3     0  5299  2562    80
     5  7941  4     0  2829  2787  1348   977
     5  7941  4     0  2154  1296  1992  2499
     5  7941  4     0  3389  2759   816   977
     5  7941  4     0  2298  4203  1360    80
     5  7941  3     0  3574  3104  1263
     5  7941  5     0  1108  5014   777   962    80
     5  7941  5     0  2931  3062   924   944    80
     5  7941  5     0  3905  2243   751   962    80
     5  7941  4     0  2423  4494   944    80
     5  7941  5     0  2874  2742  1301   944    80
     5  7941  4     0  1830  3901  2130    80
     5  7941  5     0  1264  5100  1316   181    80
     5  7941  5     0  3627  2911   361   962    80
     5  7941  5     0  2307  3309  1301   944    80
     5  7941  5     0  2063  3116  1738   944    80
     5  7941  5     0  2831  1939  2147   944    80
     5  7941  5     0  1774  4809  1097   181    80
     5  7941  3     0  2827  4137   977
     5  7941  3     0  3166  2880  1895
     5  7941  6     0  3618  2504   660   898   181    80
     5  7941  4     0  2502  3786   466  1187
     5  7941  4     0  3139  3166  1556    80
     5  7941  2     0  5601  2340
     5  7941  4     0  1493  2501  3867    80
     5  7941  4     0  3311  3367  1183    80
     5  7941  4     0  2970  3335  1556    80
     5  7941  6     0  1471  1680  2772  1757   181    80
     5  7941  5     0  2770  1285  2446  1360    80
     5  7941  4     0  5062  2618   181    80
     5  7941  5     0  1017  2320  2555  1072   977
     5  7941  6     0  1884  4103   540  1153   181    80
     5  7941  4     0  3438  3526   897    80
     5  7941  4     0  3897  3020   944    80
     5  7941  4     0  1094  2447  4320    80
     5  7941  5     0  2051  2014  2852   944    80
     5  7941  6     0  1895  1904  2983   898   181    80
     5  7941  4     0  1794  2136  2751  1260
     5  7941  5     0  1767  3728  1469   897    80
     5  7941  5     0  2124  2025  1851  1861    80
     5  7941  5     0  3069  3011   884   897    80
     5  7941  5     0  2181  4601   898   181    80
     5  7941  3     0  5977  1884    80
     5  7941  5     0  3598  2121   819  1323    80
     5  7941  4     0  3409  3555   897    80
     5  7941  5     0  1517  4304   706  1334    80
     5  7941  3     0  5681  2180    80
     5  7941  4     0  5726  1954   181    80
     5  7941  4     0  4120  2779   962    80
     5  7941  4     0  5657  2023   181    80
     5  7941  4     0  3934  2983   944    80
     5  7941  5     0  3108  2855  1001   897    80
     5  7941  5     0  3706  2832  1142   181    80
     5  7941  4     0  3894  2784  1183    80
     5  7941  5     0  1749   648  3608  1856    80
     5  7941  4     0  2950  3130   884   977
     5  7941  4     0  4062  1901  1898    80
     5  7941  5     0  3072  1441  2451   897    80
     5  7941  6     0  2695  3385   819   781   181    80
     5  7941  4     0  1794  5170   897    80
     5  7941  3     0  2423  5438    80
     5  7941  5     0  3227  3555   898   181    80
     5  7941  4     0  2218  4320  1323    80
     5  7941  4     0  2948  4016   897    80
     5  7941  5     0  2708  1356  2463  1334    80
     5  7941  5     0  2318  3804   795   944    80
     5  7941  5     0  2295  4232   372   962    80
     5  7941  5     0  2580  3708   611   962    80
     5  7941  4     0  3801  3098   962    80
     5  7941  5     0  3808  3091   781   181    80
     5  7941  6     0  2316  3806   643   915   181    80
     5  7941  6     0  3384  2603   912   781   181    80
     5  7941  4     0  2389  4289  1183    80
     5  7941  2     0  7861    80
     5  7941  5     0  2015  4474  1191   181    80
     5  7941  3     0  3954  3010   977
     5  7941  4     0  3229  2760  1872    80
     5  7941  5     0  2317  1880  3483   181    80
     5  7941  6     0  1842  2133  2924   781   181    80
     5  7941  5     0  2697  2977  1243   944    80
     5  7941  4     0  2326  4212  1323    80
     5  7941  3     0  2810  3868  1263
     5  7941  4     0  2869  3436  1556    80
     5  7941  5     0  3266  2727   906   962    80
     5  7941  4     0  3883  2655  1323    80
