         1  10      526.0   800.0   768.5   -45.8  1.0479  3.2079
         2  10       57.2   800.0  -432.6   276.2  0.9065  2.2608
         3  11      525.2  -739.0  -662.9  1000.0  0.4317  2.5394
         4  11       77.2  -373.1  -263.0  1000.0  0.6689  1.2178
         5  10      113.9   571.8   800.0   942.6  0.6654  4.7304
         6  11      153.6  -800.0    45.5  -655.6  1.1282  5.9799
         7  10       27.6   127.2  -800.0   807.0  0.4609  2.3555
         8  11       32.9  -221.2  -747.5  1000.0  0.1594  6.2084
         9  10       34.6   339.8  -800.0   748.2  0.7838  2.7358
        10  11      128.7   788.9   800.0   886.0  0.5197  4.5260
        11  10       63.8   167.6   185.5  1000.0  0.2098  1.7774
        12  11      448.5  -607.0   724.4  1000.0  0.8797  0.6395
        13  11      135.7  -788.2  -603.2  1000.0  0.3784  0.6812
        14  10      189.7   800.0  -523.8  -865.0  0.8261  3.5386
        15  10      783.2  -217.9  -800.0   832.6  0.9215  1.8035
        16  11      211.4  -800.0  -607.7   914.8  0.8207  5.7886
        17  11      548.3  -517.5   720.9  1000.0  0.3760  0.8090
        18  11     1077.3   193.2   495.9  1000.0  0.2487  1.3030
        19  10      209.6   723.1  -100.0  1000.0  0.9276  0.2391
        20  11      244.6  -123.4  -800.0  -487.7  0.9416  2.6353
        21  11       84.7  -336.9   -61.9  1000.0  0.5787  0.8478
        22  10       31.8  -136.6  -353.4  1000.0  0.2543  1.9878
        23  10       19.6  -800.0  -407.0   762.3  0.3635  0.1139
        24  11      110.6   106.8   562.6  1000.0  0.1193  1.8106
        25  10      208.4   -83.3  -368.8  1000.0  0.9640  6.2737
        26  10      102.6  -370.4   476.9  1000.0  0.3535  4.2869
        27  11      116.8  -287.3    -4.3  1000.0  0.3400  5.3986
        28  10      133.8  -800.0  -718.0   150.2  0.2875  6.1861
        29  11      117.2  -237.3  -800.0  -419.4  0.5466  0.9147
        30  10      116.8  -121.9    61.4  1000.0  0.6917  1.8001
        31  11      182.1  -588.4  -800.0   851.4  0.8999  1.1730
        32  10      242.0   126.2   800.0   423.3  1.0170  5.8627
        33  11      115.2   411.8   -10.0  1000.0  0.5997  0.4238
        34  10      105.1   800.0  -380.0    -0.2  1.0274  2.7817
        35  11       28.7  -522.7   769.1  1000.0  0.5153  3.3020
        36  11      804.6   800.0   351.8   671.7  1.2103  2.1982
        37  11      158.9  -245.7  -800.0   182.8  0.8884  0.7329
        38  11      156.7   174.0  -448.2  1000.0  0.5366  0.6615
        39  10      125.4   800.0  -323.6   421.2  0.7321  3.3997
        40  11      154.6  -587.6  -383.9  1000.0  0.4975  1.0033
        41  10      100.3  -518.0   800.0     5.4  0.5021  5.8716
        42  11       38.6  -539.5  -754.6  1000.0  0.6915  3.1957
        43  10      164.4   800.0   390.0   125.9  0.3870  3.8795
        44  10      497.4  -800.0   666.1  -441.6  0.8870  0.5854
        45  11      538.9  -479.8  -800.0   953.7  0.7508  2.3873
        46  10      113.8   800.0  -699.1   587.9  0.4458  2.5153
        47  10       89.5   800.0  -604.8  -674.5  0.6067  3.7204
        48  11      170.8   590.7  -321.3  1000.0  0.6105  1.8563
        49  11       32.2   800.0  -390.0  -431.0  0.4343  3.5999
        50  10       50.1  -433.0  -800.0   639.5  0.8544  0.1427
        51  10      152.6   800.0  -376.8   187.2  0.7371  3.9973
        52  10      244.2  -391.0   800.0   391.9  0.5853  3.5183
        53  10     1207.8   800.0   583.4   863.1  1.3995  2.7492
        54  11       60.6   800.0   420.7   210.7  0.8514  3.6544
        55  11      196.0   800.0  -564.6  -677.7  0.6648  3.3774
        56  10       29.4  -222.5  -613.6  1000.0  0.8477  1.4582
        57  10      509.4  -800.0  -200.8   574.5  0.7651  4.9589
        58  11      398.2   800.0  -530.7   482.6  0.8029  2.4177
        59  11      155.8  -364.4  -139.0  1000.0  0.8622  2.0692
        60  10      129.5  -403.3  -642.0  1000.0  0.4503  0.8428
        61  10      279.8  -284.6  -800.0   403.4  0.6222  2.5170
        62  11      990.4   -79.9    85.4  1000.0  0.7738  6.2719
        63  11       26.9  -124.3  -800.0  -622.6  1.2285  1.8099
        64  11      112.0  -800.0   110.5  -416.8  0.9586  0.5349
        65  10       29.1   253.0   392.0  1000.0  0.6087  0.7518
        66  10      123.4  -731.5   800.0   672.0  1.2164  3.3188
        67  10      135.7  -800.0  -162.3   291.2  0.6749  5.5593
        68  10      378.1  -800.0   542.7    -9.0  0.4532  6.2200
        69  11      158.6    40.6  -636.5  1000.0  0.4328  0.0397
        70  10     1421.5  -108.5  -800.0  -718.5  0.7949  1.3889
        71  11      385.8   198.9  -666.0  1000.0  1.0735  2.6832
        72  10      238.9   -58.9   214.0  1000.0  0.6053  1.4336
        73  10       83.8  -800.0   545.4   162.7  0.7204  0.0742
        74  10        1.6   786.2   380.7  1000.0  0.7064  2.6703
        75  10      258.2  -800.0    15.4   437.1  0.8364  0.9567
        76  10        9.8  -800.0  -322.2    64.8  0.2215  5.7997
        77  10      962.0  -800.0   -55.1   413.8  0.5464  5.9295
        78  10      169.3  -145.6  -180.1  1000.0  0.5768  0.1291
        79  10       65.4  -535.7  -800.0   -89.1  0.8314  1.4677
        80  10       73.7   705.3   184.9  1000.0  0.7741  4.8536
        81  11      127.4  -800.0    -3.2   674.7  0.7153  0.4078
        82  11      223.5   800.0   478.0   946.1  1.1002  3.5350
        83  10       54.7  -629.3   321.3  1000.0  0.6905  3.9056
        84  11      284.9   514.3  -800.0  -778.5  0.7618  1.1300
        85  10       71.4   373.8  -326.4  1000.0  0.5017  1.3038
        86  11      277.3   -90.7   722.4  1000.0  0.2517  4.1904
        87  10       94.5   226.0  -601.3  1000.0  0.4027  5.7292
        88  10       59.4   411.4  -800.0   786.0  0.6348  2.4486
        89  10      234.6  -656.9   305.7  1000.0  0.5538  0.7453
        90  10        2.6   795.7   800.0   432.0  0.7128  4.6691
        91  10        5.0   800.0  -118.2    95.9  1.2710  3.1173
        92  10      126.5   646.3  -800.0   868.6  0.9698  2.7141
        93  11      573.0  -800.0  -226.7  -726.8  0.4192  5.2811
        94  10      370.5  -800.0  -163.3  -201.6  0.4569  0.7669
        95  11      113.7  -630.1  -190.5  1000.0  0.2919  1.3824
        96  10      194.1  -800.0  -414.2   355.5  0.4413  5.5602
        97  10       13.9   200.4   750.0  1000.0  0.1852  4.8597
        98  10      151.2   800.0  -650.1    19.4  0.9356  3.2461
        99  10       82.2  -179.1   574.5  1000.0  0.3053  1.6857
       100  10       50.1  -459.1   403.4  1000.0  0.4999  2.7358
       101  11       98.6  -333.6  -574.1  1000.0  0.3023  4.1518
       102  10      615.2  -800.0  -784.2   917.2  0.8577  1.0417
       103  10      200.5   800.0  -763.8  -694.5  0.8346  3.3298
       104  10      111.8   798.5    43.0  1000.0  0.2248  5.5538
       105  10       42.0  -462.9  -800.0  -522.1  0.6690  0.9416
       106  11      253.3   800.0   176.7  -543.9  0.6842  2.0059
       107  10      201.6  -178.0   488.7  1000.0  0.8128  2.4865
       108  11       86.1  -800.0  -477.7   976.0  0.7854  5.6521
       109  10     1201.0  -284.6  -800.0    84.7  0.5054  0.0688
       110  11      130.3   112.4  -646.4  1000.0  0.2962  1.6652
       111  10      475.8   543.1  -800.0   815.6  0.5892  1.6589
       112  11        1.8  -800.0  -739.6  -657.7  0.6890  0.6524
       113  10       81.1   800.0   622.0  -101.0  0.5085  3.2412
       114  11     1158.1  -800.0  -330.2   100.5  0.6284  6.1889
       115  11       67.4   375.3  -800.0   138.6  0.7397  2.4019
       116  10       81.4   800.0  -173.2  -982.3  0.7105  1.7981
       117  10       33.8   265.8  -273.0  1000.0  0.4307  0.9251
       118  11       44.9  -642.3  -229.7  1000.0  0.7681  0.6404
       119  10      480.1   -59.3   800.0  -850.6  0.5776  3.5055
       120  10       15.1  -268.9  -800.0  -295.4  0.5683  1.0496
       121  10      528.7  -800.0  -324.1   261.1  0.2424  5.8948
       122  11      127.2  -156.3   366.8  1000.0  0.4135  0.6405
       123  11      181.3   796.4  -699.7  1000.0  0.4592  4.9917
       124  10      567.9   711.3     3.4  1000.0  0.8824  5.9075
       125  10       46.0   -62.1  -108.5  1000.0  0.5896  1.2700
       126  10       75.5  -211.9  -800.0  -685.6  0.7115  1.5951
       127  10      902.8   800.0    62.0   172.5  1.1568  3.1800
       128  11      689.6  -218.1   683.6  1000.0  0.3786  5.9809
       129  10      654.4   800.0   432.4   257.1  0.8296  3.4742
       130  10      149.8   -78.0   800.0   279.5  0.6839  3.7644
       131  10      229.6  -800.0   298.3  -202.4  0.6955  6.1644
       132  11      100.6  -596.5  -574.1  1000.0  0.7021  1.5654
       133  11      729.3   170.4   560.8  1000.0  1.1403  1.8216
       134  10       91.2   291.7  -593.6  1000.0  0.7982  1.7029
       135  10        8.0  -581.9   800.0  -392.0  0.8053  4.9747
       136  11       35.0   800.0  -341.1   182.3  1.0293  3.6873
       137  10       16.8   800.0  -570.9  -360.0  1.0800  3.3961
       138  11       44.4  -800.0  -467.8   228.6  0.5238  5.1467
       139  11      147.1   244.5  -459.5  1000.0  0.8478  1.8204
       140  10      479.5  -557.0  -800.0   741.0  0.8793  2.6682
       141  10      104.9   800.0   527.2    17.2  0.8071  3.5253
       142  11      439.5   473.0  -800.0   445.7  0.9601  1.8444
       143  11      130.4  -800.0   239.6  -776.5  0.8792  0.3766
       144  11       98.2   195.8  -731.8  1000.0  0.7387  6.2755
       145  10      647.8   -91.8  -559.8  1000.0  0.6153  0.5412
       146  11     1850.1   800.0   326.6   940.7  0.5804  2.2270
       147  11       91.2    78.1   800.0   491.0  0.6834  3.2692
       148  11        1.6   167.9  -800.0   -13.6  0.3189  1.4696
       149  11      268.2   243.4  -644.7  1000.0  0.7911  5.7908
       150  11       62.8   100.8   408.5  1000.0  0.4201  5.7846
       151  10      346.7  -263.7   674.8  1000.0  0.7607  1.6306
       152  11      149.4   800.0  -295.6   899.0  0.4961  2.8685
       153  11      135.4   800.0  -162.3   467.6  0.4238  2.8211
       154  10       69.9  -594.0   427.6  1000.0  0.7559  1.6166
       155  10       90.3   800.0  -647.5   168.4  0.8077  2.8847
       156  10      495.2    22.3   497.8  1000.0  0.4236  2.6959
       157  10       58.4   -65.0  -141.7  1000.0  0.7413  0.9410
       158  10      297.0  -549.9   576.5  1000.0  0.1156  0.9079
       159  11     2207.3  -284.1   179.2  1000.0  0.4841  6.0778
       160  11      157.6  -491.8   781.3  1000.0  0.6512  6.1213
       161  11      152.4  -561.3  -435.5  1000.0  0.4465  1.8010
       162  10      106.5   587.1   800.0  -131.0  0.5852  5.1231
       163  11      215.1  -289.2  -746.4  1000.0  0.6666  2.8181
       164  11       36.4  -124.7  -800.0  -166.2  0.9649  0.4524
       165  11       14.6   475.8  -207.7  1000.0  0.4925  0.5985
       166  11      417.4   271.3   484.8  1000.0  0.8749  5.6688
       167  11       54.0  -686.0   443.0  1000.0  0.7298  3.3788
       168  10      684.2   800.0   491.2  -686.2  0.8938  3.3228
       169  11      212.8   800.0  -508.1  -153.6  0.9100  2.7987
       170  10       90.5   161.9   800.0   -19.4  0.9297  3.5573
       171  11      496.8    71.9   -67.5  1000.0  0.4490  0.7854
       172  10      229.9  -800.0   302.8  -651.6  0.4387  0.1451
       173  11      348.9   800.0    27.0  -295.9  0.8313  1.9332
       174  11      172.3   800.0  -648.3   506.6  1.1278  3.1812
       175  10      353.7   800.0   356.0  -112.4  1.4351  3.1902
       176  10       28.4     2.3    93.5  1000.0  0.5420  2.9388
       177  10      454.4   800.0  -180.2   625.0  0.3742  3.8433
       178  10     2085.7   800.0  -396.9  -977.3  1.0048  3.0943
       179  10      322.0  -241.7   800.0   820.9  0.1475  4.9806
       180  10       21.1  -577.8  -481.1  1000.0  0.7476  0.9051
       181  10      109.1   -69.7   238.3  1000.0  0.7806  3.5868
       182  10      206.5   597.1   793.5  1000.0  0.4095  2.8726
       183  10      466.1   650.4  -645.3  1000.0  0.4633  2.4065
       184  11      192.4   800.0   128.0  -988.2  0.7860  3.9278
       185  11      401.7   800.0   618.7   673.0  0.4169  2.6080
       186  11      563.8   237.0     1.1  1000.0  0.3089  0.2264
       187  10       73.2  -343.3   800.0  -947.1  0.6836  3.5789
       188  10     1217.8  -800.0  -544.8   281.1  0.5656  0.2659
       189  11       20.3  -621.6  -390.5  1000.0  0.3926  1.3861
       190  10       21.1  -800.0   -53.3  -383.9  0.8664  1.1591
       191  10       87.4  -673.0   -74.6  1000.0  0.4594  6.2082
       192  10      188.6   186.1   684.1  1000.0  0.4844  2.3044
       193  11      711.6  -745.5   800.0   466.1  0.8851  5.1137
       194  10       18.6   763.2  -580.9  1000.0  0.4498  1.2229
       195  10        1.2  -760.5  -800.0  -188.0  0.9269  0.5204
       196  11      844.8   524.3  -536.8  1000.0  0.4147  1.1543
       197  11       67.4   161.5   800.0   727.9  0.1080  4.5636
       198  11       30.0   244.0   672.5  1000.0  0.8301  1.6755
       199  11      509.1   457.0  -758.3  1000.0  0.5404  1.7919
       200  11      912.1  -663.8  -478.6  1000.0  0.7802  3.6967
       201  10        6.6   499.8  -655.2  1000.0  0.7132  0.1590
       202  10      115.2   -86.3   331.7  1000.0  1.0246  2.7711
       203  11        2.6  -389.9   800.0   827.6  0.1739  5.6855
       204  10      293.3  -761.4  -329.4  1000.0  0.4282  1.0400
       205  11      196.7   800.0  -711.1   487.8  0.9764  1.9673
       206  10      388.5   800.0  -190.8  -672.0  0.1571  4.4266
       207  11       74.5   403.6   719.8  1000.0  0.4070  3.7014
       208  11       49.7  -800.0   648.2  -251.7  0.6964  1.2951
       209  10        4.4  -189.4  -800.0  -322.3  0.3351  0.3372
       210  10       75.6   605.7  -489.1  1000.0  0.4271  1.8112
       211  10      805.7   800.0  -553.6   -96.4  0.6670  3.0599
       212  10      184.6   800.0  -161.4  -876.8  1.3143  3.0405
       213  10      505.6  -706.8   476.1  1000.0  0.4823  1.1106
       214  11       91.8  -426.4  -633.0  1000.0  1.1326  3.3267
       215  10      447.9   445.1  -637.6  1000.0  0.8762  3.0841
       216  11       76.0   138.0   800.0  -711.5  0.6175  4.5644
       217  10      893.4   800.0   545.9   -87.4  0.7500  3.1280
       218  11      161.9  -218.6  -358.7  1000.0  0.7270  1.0711
       219  11        1.3  -448.0  -138.8  1000.0  0.6794  1.7489
       220  10     1820.2  -800.0   -13.4    69.4  0.4981  0.2064
       221  10       37.6   434.8  -800.0  -813.6  1.1080  0.9931
       222  10        6.3   350.5   800.0   601.8  0.7140  5.9924
       223  10       62.5   576.5  -751.3  1000.0  0.3144  2.2844
       224  10     2454.3  -800.0   319.9   258.4  0.6500  5.8582
       225  10      374.7  -426.4  -800.0  -945.6  0.8471  2.4715
       226  10        2.3   409.5   417.9  1000.0  0.8888  3.2235
       227  11        9.9  -626.2  -800.0  -781.3  0.5262  1.8872
       228  10      229.1   800.0   582.6  -147.9  1.1584  2.0344
       229  10      221.6   689.0   800.0  -708.7  1.0500  3.3140
       230  10       23.4  -772.7  -199.8  1000.0  0.6152  5.1025
       231  10      158.2  -636.3   730.3  1000.0  0.2479  1.0942
       232  11       51.9   698.6  -800.0   719.8  1.3980  2.6540
       233  10       71.2   309.4   461.8  1000.0  0.6431  0.0550
       234  11      270.6   800.0  -537.9  -617.4  1.0781  2.6627
       235  11       73.6  -391.6  -800.0    96.7  0.6581  1.3806
       236  10       38.2  -136.5  -639.3  1000.0  0.9456  2.0179
       237  10       14.8   800.0  -203.0  -989.8  0.8286  3.6368
       238  11        7.0  -800.0  -271.2   776.8  0.5468  0.7151
       239  10       50.6   800.0  -543.6   641.3  0.7306  2.8078
       240  11      250.8  -800.0   454.4   515.9  0.7103  0.1776
       241  11      191.0   800.0  -180.9  -765.1  1.0207  3.2487
       242  10      105.8   800.0   380.0  -595.3  1.0431  3.1366
       243  11       38.0   554.1   494.7  1000.0  0.3898  2.4402
       244  11     1370.9   800.0  -448.3  -345.6  0.1754  2.5835
       245  10      231.3   338.4   412.7  1000.0  0.7841  1.5101
       246  11       25.2   800.0    66.2  -265.2  0.3409  3.4033
       247  10      263.4  -589.9    62.3  1000.0  0.4837  2.7208
       248  10       87.8   781.5  -634.6  1000.0  0.0863  4.4593
       249  10      302.5  -743.2   -18.2  1000.0  0.5849  3.4669
       250  11      749.0   415.2  -557.3  1000.0  0.7694  2.3829
       251  11      165.0  -151.3  -800.0    -1.8  0.8053  0.4293
       252  10        3.5   800.0   621.5   174.9  1.2481  3.0307
       253  10       56.2   -49.7  -800.0  -285.2  0.8175  1.7472
       254  10      159.5   118.6   289.5  1000.0  0.7662  1.3319
       255  11       35.2  -800.0   316.9  -308.3  0.3981  0.0184
       256  11       38.9  -375.4   617.1  1000.0  0.6368  1.5807
       257  10      135.4  -800.0    82.2   790.3  0.5344  0.6615
       258  10       95.3  -800.0   424.0   794.9  0.1988  5.9773
       259  10       18.4   408.2  -326.2  1000.0  0.4196  0.2291
       260  10      194.7  -695.4  -800.0     3.6  1.0602  1.3346
       261  10       99.3  -361.0   325.1  1000.0  0.5294  1.5718
       262  10      187.2   337.6  -800.0  -378.6  0.5255  0.6647
       263  10      235.3  -528.6   557.3  1000.0  0.3718  6.0038
       264  11        9.5   800.0  -487.5   523.6  0.8764  3.0149
       265  11       76.2   800.0   461.9   -12.1  1.1736  2.0833
       266  10      548.0   -30.0  -444.8  1000.0  0.4571  2.6315
       267  10       17.5   721.9  -501.8  1000.0  0.7865  1.4485
       268  10      123.9   -19.9   -69.4  1000.0  0.4031  1.9258
       269  11      376.7  -800.0  -755.3   850.8  0.6341  5.3390
       270  10      431.8  -517.5  -800.0   663.6  0.3825  0.8171
       271  11      164.9  -312.9  -800.0  -857.0  0.7707  1.2070
       272  11      334.5   429.0   780.8  1000.0  0.6579  1.5558
       273  11       28.7  -635.9   398.2  1000.0  0.3407  0.2032
       274  11       54.4  -800.0  -314.1   992.6  0.9294  0.2727
       275  11       49.5  -120.1  -537.3  1000.0  0.8473  3.8445
       276  10       11.1  -566.4  -215.1  1000.0  0.5299  3.0176
       277  10       21.1   800.0   319.2    48.8  0.8511  3.0387
       278  10      283.4   800.0   793.1  -618.9  0.6777  3.7084
       279  10       23.7   800.0  -682.7   703.7  1.1885  3.0830
       280  10        8.0   572.5   132.4  1000.0  0.4817  5.5474
       281  10     1086.8   367.0  -536.2  1000.0  0.2784  6.0976
       282  10       83.9   696.4  -800.0  -242.3  0.7260  2.6881
       283  10       65.8   463.8  -675.1  1000.0  0.6059  1.2924
       284  10      135.4  -800.0  -680.7  -965.8  1.0087  0.9974
       285  10      517.9   800.0    71.0  -859.1  0.6679  3.6874
       286  10      189.0   800.0   594.9    95.2  0.5453  2.8721
       287  10       33.8   202.9  -800.0   489.6  0.6734  0.3274
       288  10      506.4   399.0  -505.7  1000.0  0.7106  0.2049
       289  11       82.4   800.0   340.4  -901.8  1.0384  2.7936
       290  11       57.0  -242.0  -444.4  1000.0  0.7492  0.8501
       291  11      733.6   488.3  -206.2  1000.0  0.7276  2.1781
       292  10      621.4   356.4   -37.4  1000.0  0.3714  0.9860
       293  10      120.2  -124.6   800.0  -592.2  0.9373  3.3970
       294  10      119.3   770.6   -31.2  1000.0  0.5349  0.7312
       295  10      536.9  -742.9   146.2  1000.0  0.3240  2.7150
       296  10      394.0   774.2  -144.6  1000.0  0.1446  5.0697
       297  10      468.8  -528.4   265.0  1000.0  0.7815  0.4458
       298  10      319.4   -24.7  -800.0  -650.4  0.7834  1.6438
       299  10      523.0   800.0    91.2  -653.1  1.2351  3.2639
       300  11      152.0   397.6  -800.0   354.6  0.8124  2.0708
       301  11      382.4   364.0  -800.0  -945.6  0.2308  2.0264
       302  10      457.4  -532.4  -531.5  1000.0  0.2511  0.5616
       303  10       45.7  -542.6  -332.4  1000.0  0.2339  0.9932
       304  11      113.3   800.0  -773.8   132.5  1.0256  3.1464
       305  11       17.4   -88.0  -264.8  1000.0  0.3473  0.7963
       306  10      244.3  -280.8  -800.0    67.0  0.4282  1.5914
       307  10      344.4   800.0   387.0   888.9  1.1767  3.1451
       308  10       68.7   760.1  -800.0    23.2  0.7583  0.9036
       309  10      357.4   800.0   626.9  -382.4  1.2087  2.8764
       310  10      117.3   800.0   -97.1  -187.8  1.2546  3.3985
       311  10      169.6  -353.8  -269.1  1000.0  0.7430  3.8125
       312  10      450.9   800.0    76.9   101.0  1.0463  2.5215
       313  10      271.4   131.3  -256.3  1000.0  0.4357  0.8096
       314  10        7.6  -672.9  -734.1  1000.0  0.7393  0.7881
       315  10       19.6   185.9  -537.9  1000.0  0.8692  2.8161
       316  11      119.7   323.5  -800.0   997.9  0.9261  0.8141
       317  10       76.3  -210.6  -513.6  1000.0  0.6171  0.0725
       318  10      268.9   800.0  -170.8   566.7  1.3461  2.9719
       319  10       84.9   768.6  -800.0  -158.9  0.7000  1.3844
       320  11      714.5  -800.0    16.9   557.4  0.9978  1.2456
       321  10      230.4  -496.2   378.5  1000.0  0.2310  1.9676
       322  10      184.3  -232.1  -131.6  1000.0  0.7150  6.2731
       323  10      180.5    46.6  -800.0   264.5  0.7191  2.4637
       324  10      285.4   161.1  -800.0   -37.9  0.5256  0.5656
       325  10      295.8  -397.8   741.2  1000.0  0.6135  3.7681
       326  10      126.6  -419.5    13.2  1000.0  0.3865  3.4309
       327  11      656.7   121.0  -800.0  -968.6  0.4928  2.3877
       328  11       15.6  -423.9   512.8  1000.0  0.5723  1.5752
       329  10       29.8   530.0  -472.4  1000.0  0.4640  3.7283
       330  10       27.9   800.0  -650.2  -378.0  1.0856  3.1546
       331  11        8.1   533.6   319.2  1000.0  0.3813  2.7956
       332  11      244.7   500.6  -233.5  1000.0  0.7827  3.4995
       333  10       15.6  -691.7  -800.0   505.7  1.1109  1.7031
       334  10      610.7   529.3  -800.0  -293.9  1.2541  1.9662
       335  10       78.4  -800.0   418.0   887.7  0.6110  0.5528
       336  11      187.1  -800.0    94.1  -387.6  0.4588  0.5183
       337  10       39.2  -708.9   262.8  1000.0  0.2894  1.8059
       338  10      210.5    72.5  -800.0   -89.3  1.1443  1.4849
       339  11      832.8   800.0   631.3   518.9  0.6782  3.1796
       340  10       58.6  -258.6  -800.0   411.7  0.8546  1.9850
       341  10       42.3   355.3  -665.0  1000.0  0.3286  3.2023
       342  10      237.1  -800.0    81.8   203.3  0.5623  0.2834
       343  11     2218.1  -694.5  -509.4  1000.0  0.3393  5.8488
       344  10      174.8  -152.0  -800.0   983.8  0.8116  1.3024
       345  11       51.5   265.7   413.7  1000.0  0.4429  0.3238
       346  11      329.4   800.0   269.9   979.5  1.1021  1.7750
       347  10     1022.9  -800.0   778.1  -498.2  0.4263  6.0745
       348  11       59.2   110.0   184.7  1000.0  0.5906  4.3001
       349  11      397.2   -37.1   164.7  1000.0  0.2769  0.3582
       350  11      178.4    71.2  -800.0  -507.8  0.3199  0.8549
       351  11      267.3  -800.0  -211.6     6.0  0.8299  0.5876
       352  10      405.5   255.6   364.1  1000.0  0.9021  1.4096
       353  10      154.4   231.9  -800.0  -271.4  0.8014  2.0496
       354  11       19.7   699.8    16.9  1000.0  0.7972  0.7027
       355  10     1172.3  -800.0   -54.8   647.7  0.7954  1.1773
       356  10       61.2   356.3   642.3  1000.0  0.4709  5.4749
       357  11      295.5    94.8   405.1  1000.0  0.8795  2.6940
       358  10       30.5  -226.5   800.0  -656.1  0.4977  3.9760
       359  11       21.9   789.1   682.7  1000.0  0.8289  1.4762
       360  10     1071.4  -594.4   457.8  1000.0  1.1247  2.0179
       361  11      640.2   800.0   136.9  -312.1  0.4215  2.1266
       362  11      272.9  -208.7  -405.0  1000.0  0.8737  1.0843
       363  10      267.6    98.1  -280.0  1000.0  0.1981  4.4443
       364  10      428.9   296.9  -800.0   667.7  0.3841  2.8332
       365  11      161.4   437.4   627.2  1000.0  0.7842  3.4065
       366  10      243.1   800.0   200.7   899.8  1.4219  2.9880
       367  11      113.3   365.3  -165.3  1000.0  0.2581  3.2416
       368  11      139.1   667.4   -19.5  1000.0  0.7810  2.3016
       369  10      434.5  -648.9   342.4  1000.0  0.8543  1.9083
       370  11      403.6   800.0   294.3   -64.5  0.8088  3.1453
       371  10       36.9     7.7  -548.8  1000.0  0.6309  0.6288
       372  10      417.8   763.7  -721.9  1000.0  0.8699  2.4555
       373  11      768.8   251.3   367.2  1000.0  1.1490  2.7282
       374  10      134.1  -334.5  -800.0  -306.8  0.2579  1.1693
       375  10       35.8   800.0   723.9  -582.1  0.8647  3.4178
       376  11       44.3    78.2  -800.0  -895.6  1.0175  1.1932
       377  11      252.2  -344.6  -704.7  1000.0  0.2113  0.3111
       378  11      299.5   601.7  -184.4  1000.0  0.6620  3.3440
       379  10      533.7   586.0   723.2  1000.0  0.3900  1.6620
       380  10       35.1    82.2  -800.0    73.0  0.7480  1.4205
       381  10       29.5   603.2   800.0  -968.6  0.8072  3.5456
       382  10       91.4   371.3  -393.7  1000.0  0.2127  2.6226
       383  11       25.1  -262.0  -800.0  -448.0  0.6335  1.3401
       384  10       47.0   800.0  -681.0  -787.2  0.7794  1.9694
       385  10      527.6  -290.7    58.9  1000.0  0.1859  0.0526
       386  11      275.5   800.0  -245.3  -432.5  1.2476  3.1049
       387  11      687.2  -457.2   -75.7  1000.0  0.9040  1.4946
       388  11      244.7   800.0  -175.3  -223.5  0.8677  2.6980
       389  10       55.8  -800.0   293.3    64.1  0.7767  6.0909
       390  10      283.7   217.6   800.0  -533.8  0.8772  5.4450
       391  10      172.0   543.8  -656.0  1000.0  0.1544  5.2694
       392  11       94.5   633.7   -31.5  1000.0  0.4713  4.6038
       393  10      622.6  -759.7  -273.6  1000.0  0.4760  5.1044
       394  11        3.1   800.0   217.2  -124.4  1.1610  3.3328
       395  10      791.4   800.0  -765.0   662.9  0.6484  2.7901
       396  10      302.4  -800.0  -451.6  -665.2  0.6212  5.3808
       397  11     2391.6   800.0   688.6   675.9  0.6416  2.2950
       398  10       73.8  -800.0  -368.0   420.8  0.7522  0.4561
       399  10      200.4   190.5   187.8  1000.0  0.9691  2.7570
       400  10      136.0   519.7  -528.5  1000.0  0.7453  0.6538
       401  11       45.0   720.4  -506.9  1000.0  0.9396  0.0645
       402  10      866.2   800.0   464.1   965.7  0.9522  2.8990
       403  10      985.9  -800.0  -242.3   181.4  0.6905  1.2223
       404  11      344.4   -32.0  -551.2  1000.0  1.1009  3.0446
       405  10       43.4   458.4  -800.0    27.4  0.6533  1.4065
       406  10       23.7  -701.5   465.6  1000.0  0.3991  6.0956
       407  11       63.5   156.5   -57.2  1000.0  0.4763  0.5954
       408  10      277.4  -270.1  -223.9  1000.0  0.9709  3.2275
       409  11       39.4   800.0  -453.5  -219.0  1.1249  3.0821
       410  10        4.3  -793.1  -800.0   765.2  0.8268  1.1120
       411  10      104.3  -800.0   132.4   778.5  0.7409  0.0089
       412  10      348.7   800.0  -246.5   961.0  0.6227  2.8658
       413  10      202.2   800.0  -449.5    -8.4  1.3283  3.2826
       414  10       14.6  -273.4  -381.6  1000.0  0.4895  0.6088
       415  10       16.4   422.5  -800.0  -514.6  0.8609  0.4066
       416  11      231.7   706.0   -58.0  1000.0  0.3481  2.0324
       417  11      186.7  -539.4  -483.6  1000.0  0.6071  4.9091
       418  11      126.8   379.4  -567.9  1000.0  0.2117  2.6302
       419  11      146.7  -626.4   799.9  1000.0  0.7908  3.3213
       420  11       15.4   -78.6   226.8  1000.0  0.1780  0.2184
       421  11      723.9   493.3   246.0  1000.0  0.1627  4.7960
       422  10       11.3   404.8  -250.5  1000.0  0.7310  1.1177
       423  11       66.2   279.7  -800.0   711.8  0.5795  1.0205
       424  10      729.7  -800.0   536.4   431.0  0.8807  1.2170
       425  11       71.1  -427.7   -44.6  1000.0  0.4370  5.6042
       426  11      178.9  -800.0   124.7   921.6  0.4619  5.2247
       427  10       19.3   -76.2   800.0   951.2  0.5201  6.1291
       428  11       80.3  -571.1   504.2  1000.0  0.2179  4.0071
       429  11       97.4  -130.8  -468.4  1000.0  0.0436  1.8436
       430  11       64.0   800.0  -785.8  -557.3  0.7324  2.6546
       431  10       99.0   297.5  -800.0   504.5  0.9869  1.0601
       432  10      455.1    88.1  -800.0  -676.7  0.6445  1.2925
       433  10      285.6  -772.0  -635.6  1000.0  0.6878  2.7648
       434  10      141.5    90.5  -800.0   161.4  0.4716  0.2908
       435  10      490.8   265.1  -183.0  1000.0  0.9030  3.1792
       436  11       79.9     2.1  -741.9  1000.0  0.5528  1.0121
       437  10      109.9   463.5   800.0   109.1  0.7319  4.1174
       438  11       73.4  -384.3   800.0  -460.9  0.6553  5.0505
       439  10       37.1   800.0  -737.7  -764.6  0.5138  2.1675
       440  11       34.2  -800.0  -422.8  -926.6  0.6260  5.7082
       441  11      141.9  -800.0   281.0   782.2  0.6549  0.3227
       442  10      257.8  -533.1   213.8  1000.0  0.3480  2.8545
       443  10       52.1   800.0   337.7  -555.6  0.6137  3.6497
       444  11       69.7   225.8   257.7  1000.0  0.9494  1.1500
       445  11      115.4   -41.6  -612.4  1000.0  0.4951  0.6098
       446  11      426.3    46.1   293.5  1000.0  0.7022  5.9509
       447  10       23.6  -146.4  -800.0  -155.1  0.8129  1.0110
       448  10       88.9  -109.6   649.9  1000.0  0.6404  4.0385
       449  10       91.2  -800.0   622.4   421.0  0.4898  0.2652
       450  10      365.1  -800.0    65.5  -237.9  0.5484  0.1073
       451  11     1132.7  -361.4   319.6  1000.0  0.2418  1.0397
       452  10      228.0   413.6  -800.0  -918.6  0.7800  1.5459
       453  10      494.8   250.0   549.2  1000.0  0.4115  3.6558
       454  10      774.7   -91.5  -800.0   890.8  0.7573  1.3696
       455  10       18.0   586.2   800.0    51.1  0.7172  5.1823
       456  10        2.5   155.8   718.1  1000.0  0.4655  0.6145
       457  10       17.0   728.0   524.3  1000.0  0.5077  0.9246
       458  10      168.0  -702.8  -800.0  -420.2  1.1620  2.1017
       459  10      414.5  -222.3  -562.8  1000.0  0.5367  3.4810
       460  11       48.9  -245.5   -54.3  1000.0  0.2701  3.6634
       461  10      498.9  -749.8    36.8  1000.0  0.2307  2.8445
       462  11       36.5  -112.0  -654.8  1000.0  0.3223  0.1614
       463  11       70.5  -800.0  -202.0   308.0  0.6724  1.0887
       464  11      142.7   603.8  -800.0   -28.0  0.8688  0.9545
       465  10     1975.3   800.0  -748.6   788.8  0.8560  2.8973
       466  10       43.2   666.6    86.1  1000.0  0.7961  0.4259
       467  10       69.4   800.0   -73.8  -330.6  0.7838  2.9831
       468  10      306.5  -163.5   203.3  1000.0  0.8125  4.8243
       469  11      150.3   800.0  -385.1     7.0  0.3855  3.9530
       470  11      239.6  -522.0  -800.0   301.8  1.1194  1.8111
       471  11      401.0  -800.0  -678.5   170.3  0.9579  0.5824
       472  10       44.3  -350.1  -502.4  1000.0  0.8243  1.3394
       473  11       33.2   635.7   303.9  1000.0  0.3643  2.2148
       474  10      424.7   480.7   554.9  1000.0  0.6387  0.9956
       475  10       56.3  -446.5    10.5  1000.0  0.9296  1.3159
       476  11       11.8   793.4  -800.0  -251.4  0.6246  1.4259
       477  11        7.8   624.1  -800.0  -164.6  0.7423  1.9427
       478  10        1.8   800.0  -521.5   405.8  0.7950  3.6680
       479  10       33.5  -623.8  -800.0   105.8  0.5886  1.8953
       480  10      111.3   800.0  -280.3   248.2  0.9208  1.9090
       481  10       13.3   800.0   -23.3  -234.5  1.1663  2.6010
       482  10      396.4  -482.7  -109.8  1000.0  0.3671  5.6247
       483  11      387.1  -625.5  -320.1  1000.0  0.9212  0.7363
       484  10       34.6  -766.9   107.7  1000.0  0.0984  1.2429
       485  10      205.6   413.9   323.5  1000.0  0.6652  6.0439
       486  11       72.4  -800.0  -796.8  -222.4  0.6582  5.4453
       487  11       28.4  -465.5   729.8  1000.0  0.5125  4.2526
       488  11      547.9    60.4    -8.8  1000.0  0.6580  0.9071
       489  11     2892.4   572.0  -800.0  -643.2  0.7789  1.2052
       490  11      644.8   664.4  -331.7  1000.0  0.4866  1.2250
       491  10        7.3   479.0    92.0  1000.0  0.6331  1.8300
       492  10      203.5  -720.3  -800.0   646.6  0.6632  2.4210
       493  10       22.5    51.0   800.0   470.8  0.7870  5.9059
       494  10      567.4  -800.0   -81.8   664.8  0.7239  0.8136
       495  10      337.9  -121.2  -372.7  1000.0  0.4577  5.6380
       496  10       90.5   636.3   800.0  -835.8  0.4392  5.2107
       497  11       16.7   686.1  -800.0   245.0  0.8660  0.8511
       498  11      194.0   121.8  -160.5  1000.0  1.3032  3.2357
       499  11       18.8   527.9   800.0  -966.0  0.5390  4.1676
       500  10      110.8   800.0  -487.6   676.7  0.5644  2.5844
       501  10      149.4  -486.8  -800.0  -497.7  0.4402  0.8333
       502  10      201.8   784.8  -800.0    -6.5  0.7758  1.5901
       503  11      104.9  -800.0  -161.5  -178.3  0.6172  0.0195
       504  11       91.3  -286.1  -610.9  1000.0  0.6834  3.1714
       505  10      219.4  -713.8   338.9  1000.0  0.3845  0.8356
       506  11       76.7  -107.7  -720.0  1000.0  0.3125  3.4290
       507  10      192.3  -194.5   383.4  1000.0  0.1627  1.3233
       508  10      103.9   569.5  -569.5  1000.0  0.3515  4.2685
       509  10       31.5   177.7   646.1  1000.0  0.4393  1.6601
       510  10      153.3  -772.8   235.5  1000.0  0.2956  0.5382
       511  10      473.9  -800.0   604.3   178.6  0.5618  6.2241
       512  10        9.3  -800.0    34.1   716.2  0.9464  0.2961
       513  11       80.1   685.3   250.9  1000.0  0.8203  0.0659
       514  11       81.9   463.0  -800.0   408.5  0.6611  0.5407
       515  11        4.9  -362.8  -573.1  1000.0  0.4501  0.2338
       516  10      251.4   692.6  -576.1  1000.0  0.4129  0.7631
       517  10      287.7   800.0  -618.7   378.0  1.2688  3.1260
       518  11      196.7   -99.7  -800.0   176.7  0.6408  0.8931
       519  10       24.0  -800.0   361.1   890.3  1.3712  0.2246
       520  10       43.6   705.1    65.0  1000.0  0.7908  5.7359
       521  11       74.6   684.6   706.2  1000.0  0.6648  3.5060
       522  10       63.1   470.2   477.5  1000.0  0.6880  6.2067
       523  10      247.7  -800.0  -109.9   471.2  0.6547  5.8260
       524  11      114.1  -800.0   622.9   726.1  0.7096  0.9633
       525  10      112.2   397.1  -800.0   948.2  0.7373  1.5809
       526  10       10.3  -565.7  -800.0  -522.2  0.6426  1.2468
       527  10      295.6   165.8   345.0  1000.0  0.2538  5.8050
       528  11      202.3   800.0  -159.0   599.1  1.3506  3.1589
       529  11      542.8  -800.0   462.9   641.6  0.6312  0.1907
       530  10      246.8  -682.2  -416.7  1000.0  0.5965  5.8197
       531  10      242.8   800.0  -293.7   -39.7  0.7113  3.2980
       532  11        7.6    90.3   426.0  1000.0  0.6716  2.1232
       533  11      427.1  -800.0   209.2  -534.3  0.7060  5.9787
       534  11      190.1  -773.8    51.1  1000.0  0.5333  1.9478
       535  10     3622.6   174.8   414.1  1000.0  1.2234  3.3584
       536  11       63.3   800.0   459.3  -726.6  0.7333  2.8525
       537  11       49.4   212.4   643.5  1000.0  0.8620  5.9724
       538  10      133.1  -544.2  -280.8  1000.0  0.8796  1.6105
       539  11       72.7    78.5   282.2  1000.0  0.5917  2.9250
       540  10       46.9   376.1  -555.4  1000.0  0.6760  3.8866
       541  10       67.0   449.4  -380.8  1000.0  0.7131  1.7140
       542  10        6.3   305.6   543.1  1000.0  0.7532  6.1675
       543  11      355.7  -800.0  -364.0   277.8  0.6428  5.9221
       544  11        4.2   800.0  -641.6   570.0  1.1908  3.2727
       545  11       62.9   800.0   546.7   636.6  0.6149  1.8772
       546  11      362.7  -533.6  -800.0   812.8  1.0623  1.1610
       547  10       35.3  -800.0   112.1   851.3  0.5260  4.9645
       548  11     1108.2   800.0    76.1   388.0  0.7579  3.5340
       549  10      149.4   800.0  -683.6   563.5  1.2987  2.9774
       550  10        7.3  -342.2  -668.9  1000.0  0.4631  0.0287
       551  10       88.8  -255.2  -800.0  -856.3  1.5250  2.6700
       552  11       61.0  -506.5   529.3  1000.0  0.5011  2.2912
       553  11      367.4   800.0   717.2   576.5  0.8994  2.2323
       554  11      296.9    -0.7  -800.0  -885.4  0.9015  1.4756
       555  11      296.8   577.1  -261.9  1000.0  0.5186  2.7567
       556  11       77.6   142.9   606.1  1000.0  0.6609  3.0501
       557  11     1143.5    32.2  -767.0  1000.0  1.0543  1.4011
       558  10      192.6  -683.6  -320.2  1000.0  0.3232  2.0446
       559  10      157.9  -224.3  -297.5  1000.0  0.6661  1.1639
       560  10      552.8   235.8  -800.0  -363.8  0.5956  2.0668
       561  10      564.2   516.3  -800.0   -87.4  1.1702  1.3260
       562  11       52.5  -800.0   -21.3  -629.7  1.1255  0.4269
       563  10       32.0  -318.7  -800.0   514.9  1.0080  1.8905
       564  10     1766.7  -800.0   -47.2  -349.2  0.7279  5.8713
       565  10       57.9  -800.0    30.4   292.2  0.6839  6.1316
       566  11      761.3   800.0   512.3  -960.2  0.9820  3.4391
       567  11        2.8   800.0   657.1   135.6  0.9739  3.0295
       568  10       77.7  -740.6  -800.0   159.4  0.1577  1.2170
       569  11     1157.3   352.5  -152.6  1000.0  0.9207  0.7324
       570  10       14.3    72.8  -800.0   743.5  0.7275  0.7634
       571  10       16.3   534.4   -87.1  1000.0  0.6896  1.6636
       572  10       94.7   108.5  -292.1  1000.0  0.2248  5.7098
       573  10     2786.4  -238.8   378.0  1000.0  0.9766  2.9159
       574  11      132.3  -590.6  -195.8  1000.0  0.3833  2.4403
       575  10      783.4   297.4  -586.1  1000.0  0.8488  1.7300
       576  11      359.2  -365.3   503.5  1000.0  0.2885  0.6045
       577  11      139.9   -66.2   800.0    44.1  0.9066  3.7292
       578  11      195.3  -242.2   -98.5  1000.0  0.3523  2.5107
       579  11      466.0   800.0  -501.3   -12.5  0.5638  3.7230
       580  11      159.8   705.9  -800.0     7.3  0.6320  1.6831
       581  11      101.6  -274.0  -225.6  1000.0  0.6386  0.2734
       582  11      346.0   800.0    96.8   -34.9  0.6240  3.3700
       583  11     1087.8  -795.6  -800.0   671.0  1.0830  1.4278
       584  11       81.2   800.0    66.1   358.8  0.8866  3.3634
       585  11      288.6  -800.0   492.9    18.1  0.4612  6.2662
       586  10       88.0   536.5   384.3  1000.0  0.9814  1.1251
       587  10      115.0   405.8  -800.0   549.2  0.9581  2.0535
       588  10      104.9  -800.0  -533.7   179.4  0.4437  0.4841
       589  11      129.4  -800.0   -34.9   760.6  0.4684  5.8079
       590  11       89.5  -676.8   731.2  1000.0  0.8877  2.9323
       591  10      227.1   726.6  -387.5  1000.0  0.3999  3.4455
       592  10      226.1   800.0   694.6  -315.5  0.6099  3.3947
       593  11        7.8  -475.4  -746.3  1000.0  0.4977  0.9004
       594  10      277.8   418.7   731.7  1000.0  0.8771  0.2439
       595  11      288.5   772.3  -800.0   313.8  0.9337  0.6419
       596  10      174.6  -800.0   234.5  -874.9  0.4752  0.4766
       597  10      120.9   789.8   800.0   139.3  0.4006  4.4396
       598  10      215.1  -460.6   610.6  1000.0  0.5135  1.7850
       599  11      398.7   460.5  -705.6  1000.0  0.3281  1.1341
       600  11       92.5  -800.0  -651.0  -757.7  0.7683  1.0268
       601  11      301.4   774.3  -800.0   921.5  0.8592  0.5242
       602  10       62.1   800.0   476.5   -36.9  0.4415  3.7177
       603  10      328.0   800.0   503.4  -603.8  0.8174  2.4541
       604  10      128.4   331.1  -193.3  1000.0  0.2799  1.6046
       605  10      608.2  -769.4   674.5  1000.0  0.4926  1.8975
       606  11      203.7   800.0   -54.8  -478.2  1.4036  2.9031
       607  11      308.8   214.5  -800.0   558.3  0.6568  1.7188
       608  10      208.6  -440.2   528.0  1000.0  0.8036  0.9965
       609  10       92.2    -7.7     2.2  1000.0  0.2637  1.6145
       610  10      281.7  -639.4  -549.8  1000.0  0.6570  0.6656
       611  10        3.8  -684.7  -277.5  1000.0  0.3266  5.1029
       612  10      343.2  -211.3  -141.0  1000.0  0.5327  5.1968
       613  10      490.2   800.0  -576.1   630.4  1.0429  3.0514
       614  10      401.2   652.3  -800.0   703.0  0.7936  1.7420
       615  11      165.0   -19.1   438.5  1000.0  0.5921  1.9841
       616  11       24.5   599.7   551.0  1000.0  0.8250  0.6742
       617  11       13.9   800.0  -423.0  -304.4  1.2972  3.2721
       618  11       47.1  -275.0   238.5  1000.0  0.4001  0.0608
       619  10      142.9   -50.9  -481.3  1000.0  0.8067  4.1193
       620  10      132.7     5.4   800.0  -141.4  0.9761  3.2573
       621  10      871.6  -779.9   205.4  1000.0  0.4351  5.6222
       622  11       15.3  -761.4   587.3  1000.0  0.5005  1.0511
       623  10       84.8   387.2  -468.1  1000.0  0.4443  0.8806
       624  11       52.5   -26.2  -800.0  -632.1  1.0293  1.7645
       625  11        5.4  -800.0  -261.6  -286.5  0.6064  5.7918
       626  10      443.6  -610.2  -800.0  -319.2  0.4062  1.1055
       627  11       12.6   572.6  -800.0   783.2  1.0491  1.3560
       628  10      104.9  -800.0    73.8  -785.7  0.5729  5.2795
       629  11      424.8  -114.8   291.8  1000.0  0.2315  0.5990
       630  11      898.3   101.5  -800.0   542.6  0.9685  0.9710
       631  11     1273.6   593.6  -800.0  -813.5  0.6666  1.0319
       632  10       37.9   411.4   800.0   955.3  0.5905  5.8844
       633  10      152.9   175.0  -800.0   103.4  0.8550  1.5382
       634  10      250.3   678.0   407.8  1000.0  0.2958  5.8362
       635  11     2361.7  -786.8    -1.1  1000.0  0.5839  2.2973
       636  11      308.2   103.2   800.0   634.8  0.8083  5.8621
       637  11       42.2   387.6  -316.0  1000.0  0.5544  0.6191
       638  11       28.2   800.0   594.5   424.1  1.0383  3.0239
       639  11     1352.9   800.0   338.6   755.7  0.8039  2.9967
       640  10       56.4   800.0  -664.9   414.5  1.2555  2.6067
       641  10       67.5  -292.3   667.3  1000.0  0.3304  6.0351
       642  10       20.3     4.6   641.2  1000.0  0.7518  1.3165
       643  10       36.6   800.0   305.0  -427.8  0.8472  2.8780
       644  11       42.6   130.9  -747.5  1000.0  0.7289  4.0123
       645  10       93.3   451.7  -445.5  1000.0  1.2058  3.4738
       646  11       26.8  -800.0   339.8   824.5  0.4998  6.0239
       647  10      199.3  -710.4    -2.0  1000.0  0.7283  0.7192
       648  11      146.7   800.0   258.7  -470.9  1.3971  3.1667
       649  10     3729.7   404.6  -623.8  1000.0  0.8956  1.1044
       650  11      240.8  -278.8  -800.0   198.7  0.6768  1.7252
       651  11      165.0  -124.6  -800.0  -701.9  0.4862  1.3917
       652  10       37.9   687.2   663.5  1000.0  0.5070  0.0886
       653  11      113.6   669.2  -800.0  -985.3  0.5441  1.5357
       654  10       49.7  -800.0   512.4   796.3  0.6052  6.0732
       655  10       95.1  -800.0  -249.5  -573.2  0.7968  5.9827
       656  10        7.4   800.0   271.7   192.2  0.7257  2.2384
       657  11      212.9  -378.6  -697.1  1000.0  0.1070  2.2316
       658  10      619.2  -800.0   683.7   990.3  0.6468  0.7927
       659  11      127.4  -800.0  -773.1  -419.0  0.3815  0.7332
       660  11      177.3  -582.0  -800.0  -558.0  0.9771  0.7781
       661  10      706.2  -800.0  -758.7   584.0  0.3088  0.3526
       662  11     1148.7   377.4  -704.8  1000.0  0.5778  1.7344
       663  11      351.0   687.4  -800.0  -870.9  0.8994  1.8796
       664  10      429.5  -800.0   630.6  -837.6  0.5348  5.0944
       665  11      888.9   800.0  -647.2   110.9  0.5134  3.8037
       666  10      173.7   108.0   800.0   874.9  0.7524  4.3742
       667  11      128.3   800.0  -292.0  -345.4  0.4706  2.9993
       668  11      863.2  -311.7  -171.4  1000.0  0.2514  6.0896
       669  11      184.6  -784.9  -547.9  1000.0  0.6318  1.1043
       670  11      345.0  -800.0   670.3   810.2  0.4649  0.7803
       671  11       38.4   287.1   265.9  1000.0  0.9141  0.1361
       672  10      824.9  -800.0   156.0  -112.5  0.4147  5.6833
       673  11       64.0  -800.0   787.6   535.8  0.3711  1.0321
       674  10       26.4   317.0   204.3  1000.0  0.5071  2.1280
       675  11      325.2   800.0   534.8  -106.7  0.6817  2.8338
       676  11      405.4  -679.2  -800.0   893.0  0.3748  0.4736
       677  11       40.9  -307.6  -432.4  1000.0  0.7855  0.5635
       678  11      912.1   -67.9  -366.2  1000.0  1.0513  2.3812
       679  10       35.2  -800.0  -746.2  -357.8  0.6182  0.0480
       680  10       86.5  -674.3   756.4  1000.0  0.8205  2.9428
       681  10     2488.9  -800.0   380.1  -521.2  0.6824  0.2809
       682  10      166.2   800.0  -634.3   460.8  1.2592  2.8196
       683  10       94.7   775.0  -800.0  -944.3  0.7726  2.9523
       684  11      222.0  -314.6  -173.0  1000.0  0.7199  4.0842
       685  10       83.3  -151.2   800.0   173.5  0.7071  5.2224
       686  10      210.8   800.0  -144.9  -541.5  0.7661  1.9899
       687  10      219.4  -211.3   185.6  1000.0  0.5692  5.1426
       688  11        6.7  -290.6   800.0  -674.6  0.4319  5.3682
       689  10       94.7  -800.0  -589.1   212.0  0.2892  0.4068
       690  10      205.2   368.9  -800.0   792.3  1.1111  1.4556
       691  10      226.0  -290.6  -168.8  1000.0  0.3265  3.2363
       692  10       11.0  -125.3   800.0   -67.9  0.1925  4.8636
       693  11      337.5   563.6  -712.5  1000.0  0.9502  3.3773
       694  11      176.8  -765.6   155.6  1000.0  1.0003  0.2965
       695  10       85.8    50.5   560.3  1000.0  0.8980  0.6532
       696  10      789.9  -122.5   755.0  1000.0  0.8758  0.2316
       697  10       78.7   800.0   735.7   -58.8  1.0657  3.2964
       698  11       17.8  -800.0  -715.0   972.1  0.5865  5.8878
       699  10      389.9   636.0   313.2  1000.0  0.5904  6.2809
       700  11      100.7  -563.3    16.1  1000.0  0.4637  4.0862
       701  10       97.9   260.8  -800.0   236.5  0.7928  1.6981
       702  10       51.3   128.9   470.3  1000.0  0.8988  1.2945
       703  10      122.2  -143.5  -119.8  1000.0  0.5227  4.2229
       704  10       14.1  -582.9   137.9  1000.0  0.4349  2.7751
       705  10       41.5  -224.1  -800.0   451.4  1.1935  1.2669
       706  11      304.9   281.5  -800.0   653.7  0.7771  1.5169
       707  10      112.3  -190.8  -800.0   137.3  0.8299  1.6312
       708  10      482.1   198.1   797.2  1000.0  0.6971  0.9195
       709  11       10.4  -328.0  -781.9  1000.0  0.3107  5.7610
       710  11      207.7  -344.3   114.8  1000.0  0.8116  6.1334
       711  10       32.1   126.3   657.1  1000.0  0.2130  0.0683
       712  11       88.8  -427.2   217.9  1000.0  0.2655  2.5009
       713  10      476.9   800.0   206.8  -991.8  0.3381  3.5579
       714  11       61.7  -673.7  -365.5  1000.0  0.3597  1.6156
       715  11       85.5   284.6  -800.0   763.5  0.5315  0.9267
       716  11       28.4  -264.2   135.8  1000.0  0.4375  2.5737
       717  11       20.0   800.0    30.0   828.1  0.4433  2.4034
       718  11      617.0  -570.9  -400.8  1000.0  0.4800  4.7496
       719  10      248.0   193.9  -691.0  1000.0  0.8758  4.5930
       720  10       19.4   164.7  -170.0  1000.0  0.3896  6.2825
       721  11       63.1  -533.3   800.0  -130.2  0.6411  5.1023
       722  11      331.8   800.0   359.4    75.2  0.4183  3.7155
       723  11       14.0   421.2  -800.0   391.7  0.9028  1.3402
       724  11     2463.8    73.9  -800.0   520.3  1.3660  2.8062
       725  10        2.4   102.2    68.8  1000.0  0.5296  1.7848
       726  10       86.3   137.9   668.9  1000.0  0.4582  0.8232
       727  10      122.8  -800.0  -492.2   166.9  0.7099  0.5200
       728  10       85.3  -539.2  -800.0  -326.1  0.8939  2.5078
       729  11       10.5  -573.9  -363.1  1000.0  0.6743  0.1842
       730  11      128.8   -45.5   479.1  1000.0  0.7271  2.8898
       731  11      212.6  -403.3  -689.4  1000.0  0.4147  0.4841
       732  11       53.8  -295.0   139.3  1000.0  0.5668  5.7816
       733  10      117.1   182.3  -144.5  1000.0  0.4132  2.0057
       734  11      201.5  -800.0   332.3   152.6  0.5166  0.1569
       735  11       79.8  -368.4  -800.0  -436.3  0.3770  0.5048
       736  10       49.0   456.1  -318.8  1000.0  0.6853  1.4838
       737  10      195.6  -800.0   761.5   829.4  0.7461  0.9178
       738  10      285.7  -185.4  -242.2  1000.0  0.9487  0.6170
       739  10      333.8   325.8  -378.2  1000.0  0.7857  4.6965
       740  10      176.4  -297.3  -574.9  1000.0  0.4452  5.9273
       741  11      168.7  -800.0  -688.9   845.8  0.7275  1.1572
       742  10      114.9  -800.0   504.5   144.1  0.4805  1.1848
       743  10      148.9  -677.0  -645.9  1000.0  0.9504  0.3445
       744  10       37.4   800.0   799.0  -798.7  1.3644  3.0335
       745  11      201.9   101.2  -800.0   385.8  0.5520  1.9041
       746  10      165.9  -641.6  -800.0  -898.9  0.4327  2.5989
       747  10      115.6  -537.0   800.0  -851.5  0.8288  4.7193
       748  10      125.1   689.2   -46.2  1000.0  0.7368  1.2058
       749  10      174.2  -420.2   191.3  1000.0  0.6604  6.1982
       750  11      473.0   -57.1  -800.0  -437.1  0.7543  2.6838
       751  10       74.8  -664.0  -526.7  1000.0  0.5137  5.8427
       752  10       21.2  -800.0   574.7   -65.1  0.8656  0.8100
       753  10       22.8  -795.4   780.8  1000.0  1.1344  3.2942
       754  11       52.4  -684.6  -778.6  1000.0  0.1059  1.1979
       755  11       14.0   387.5  -304.5  1000.0  0.2837  6.2582
       756  10       27.6   269.5   -84.1  1000.0  0.6863  3.9825
       757  10      319.3   391.7  -800.0   787.9  0.4960  2.3299
       758  10      283.0   -53.0  -383.7  1000.0  0.7612  5.1574
       759  11      168.7   202.1  -678.6  1000.0  1.0012  1.6648
       760  10      722.7   800.0   302.2  -189.8  0.6389  3.6213
       761  10      276.1   646.8   226.3  1000.0  0.5825  0.2677
       762  10       76.6  -493.1  -800.0  -669.4  0.7544  1.0292
       763  11      159.8  -237.5   148.8  1000.0  0.3581  5.1352
       764  11      597.3  -601.3  -268.2  1000.0  0.7690  0.9315
       765  10     1632.6   679.4  -671.3  1000.0  1.1157  0.3347
       766  11       83.7  -800.0   736.1  -731.6  0.5681  0.8555
       767  10      315.0   313.8  -800.0  -714.7  0.3343  1.5454
       768  10      159.0  -428.0  -800.0  -720.2  0.3423  2.5603
       769  10       87.3   455.9  -800.0   344.7  0.9664  0.5727
       770  10       47.8   755.2   800.0   168.7  1.2044  3.4014
       771  10      196.7   774.1  -128.1  1000.0  0.5583  5.8303
       772  10      830.2  -800.0   244.0   -49.2  0.6828  6.1110
       773  10      295.7   422.5  -318.3  1000.0  0.3154  2.0543
       774  10       77.7  -766.1  -800.0   971.6  0.5086  2.5045
       775  10       37.0   380.2   317.6  1000.0  0.6658  4.1619
       776  11       91.2   800.0  -548.3  -450.7  1.3625  3.0692
       777  10       85.7  -710.4   800.0   470.9  0.5119  4.4606
       778  10      184.0   783.4   772.3  1000.0  0.4976  0.1556
       779  10       47.3  -587.3   770.5  1000.0  0.4944  1.7281
       780  11      446.3   164.4  -800.0  -278.2  0.3079  2.0568
       781  11        8.2  -408.5   188.2  1000.0  0.7638  4.5802
       782  10      128.1    82.5  -800.0  -327.7  0.5000  0.3720
       783  10      290.7   646.2   800.0  -891.5  0.8799  3.3398
       784  11       15.0    13.9  -585.9  1000.0  0.3349  0.8733
       785  11      133.3  -215.5  -323.5  1000.0  0.7842  1.0594
       786  10      894.5  -800.0   247.9  -765.3  0.5675  0.7442
       787  11      211.8  -800.0   624.2    71.8  0.6539  0.3474
       788  11       23.8   194.0  -439.2  1000.0  0.9780  5.1001
       789  10       54.4   358.2   800.0   747.6  0.3598  4.3690
       790  10       53.3    52.6  -800.0   363.5  0.7658  0.2270
       791  11      103.4   549.8   467.4  1000.0  0.9139  3.5988
       792  11      167.1  -733.3  -261.2  1000.0  0.8719  3.2085
       793  10       56.6   800.0  -509.0  -887.8  0.4325  3.2199
       794  10       64.8   -96.3   440.2  1000.0  0.2637  1.3112
       795  10       90.1  -434.3  -800.0  -203.4  0.4817  0.3202
       796  11       44.7   800.0  -671.6   769.7  0.9890  3.1092
       797  11      351.1   488.5   800.0  -953.0  0.9877  3.5762
       798  10      214.7    41.1  -426.7  1000.0  0.5799  5.3992
       799  10       48.4   800.0   -31.3   679.7  0.5295  4.2003
       800  11        2.6   800.0   -81.3  -321.7  1.0096  2.1796
       801  10      195.0  -212.3   648.0  1000.0  0.4758  3.9898
       802  11       37.6   800.0   724.5  -565.6  0.3384  3.6460
       803  11       23.0   135.0   110.6  1000.0  0.4079  2.7583
       804  10      103.7   -74.5   800.0   270.4  0.5710  5.2316
       805  10      154.9   -11.8  -800.0   205.9  1.0199  2.8748
       806  10       27.1   800.0   104.0  -753.6  0.7618  3.7030
       807  11        7.9  -800.0  -640.9   425.3  0.9230  0.1313
       808  11      366.8   266.6  -645.5  1000.0  0.7249  3.0931
       809  10       43.9  -558.0  -491.0  1000.0  0.7047  0.3116
       810  11       81.3  -364.0  -451.2  1000.0  0.5890  5.2043
       811  11       90.4   479.0    24.5  1000.0  0.9797  1.7601
       812  10      125.9  -800.0   -49.7   282.0  0.6084  0.2552
       813  10       11.8   800.0   687.1   781.3  1.1691  3.2113
       814  10       62.5   482.0   260.3  1000.0  0.3588  0.6049
       815  11       65.4   217.0  -800.0   699.3  1.1487  2.1052
       816  11      918.5  -530.1  -800.0   719.9  0.6593  2.1492
       817  11       68.7   474.7  -800.0   642.6  0.3112  0.4001
       818  11        2.0   800.0   -56.3   658.2  0.7945  1.8949
       819  10      854.7   722.0  -430.1  1000.0  0.4361  1.0810
       820  10      132.3   800.0  -238.2  -152.5  0.8711  1.9398
       821  11      244.4   395.7  -800.0   295.3  1.1994  2.7002
       822  11      260.3   -28.3  -800.0  -853.4  0.8421  0.5523
       823  11       12.2  -351.7  -684.0  1000.0  0.4849  0.8680
       824  11      673.4   800.0   623.2   675.8  1.1718  3.3355
       825  10      128.1   800.0  -748.3   124.3  1.3502  2.9899
       826  10       84.9  -682.5  -800.0  -434.2  1.0415  2.6383
       827  11      218.2  -800.0   211.1   274.4  0.9321  0.5931
       828  10       51.8  -696.0  -570.0  1000.0  0.7622  3.4656
       829  11       17.0   189.6  -800.0   286.4  0.7891  0.7757
       830  11      235.0   112.8   417.0  1000.0  0.4783  1.5038
       831  11      105.5   800.0  -173.9   689.9  1.0622  2.0400
       832  10        9.9   800.0   -26.3   559.0  0.8486  3.1573
       833  11      187.9  -768.2   164.7  1000.0  0.7221  6.0380
       834  10        5.9   800.0   633.1  -157.9  0.4578  3.3594
       835  11      411.5   114.8  -800.0   800.3  0.6397  0.9127
       836  11       31.6   -45.4  -621.7  1000.0  0.6617  5.7315
       837  10      106.6   800.0   441.6   590.9  1.0056  2.0522
       838  10      121.1   -83.2  -354.9  1000.0  0.3398  0.6991
       839  10      146.0   800.0   247.3   375.9  0.8053  2.6952
       840  10      262.1   521.2  -345.1  1000.0  0.9143  0.4096
       841  11     1232.3  -516.2  -800.0   914.5  1.0088  0.1633
       842  10       11.7  -800.0  -199.5  -261.1  0.5195  5.5840
       843  10       98.4  -145.4  -800.0   770.9  0.9246  1.6746
       844  11      566.4  -371.1  -800.0   136.7  0.7771  2.2568
       845  11       26.0  -800.0   194.0  -665.5  0.4966  5.0727
       846  11      415.4  -800.0   329.6   317.1  0.5073  6.2650
       847  11       63.3   586.9    59.6  1000.0  0.8510  3.1626
       848  11       47.5  -100.4   744.0  1000.0  0.4352  3.2516
       849  11      141.6    87.8   247.4  1000.0  0.3381  6.1829
       850  10      254.3  -800.0  -427.5   185.2  0.4306  5.3919
       851  11      272.6  -266.0   260.8  1000.0  0.6595  1.1764
       852  10      296.7  -800.0   578.5  -315.8  0.3783  0.0011
       853  10      104.6   317.7  -800.0  -448.1  0.9091  2.6013
       854  10       45.5    73.9  -180.7  1000.0  0.2927  4.9492
       855  11        6.5   198.4   800.0   292.5  0.6539  3.5435
       856  10      350.3  -332.1   721.3  1000.0  0.1873  0.5834
       857  11       11.0   505.4   612.9  1000.0  0.3314  6.0769
       858  11      217.3   718.1   642.5  1000.0  0.6442  1.3151
       859  11      347.6    56.9   322.9  1000.0  0.2787  5.9079
       860  10      478.7  -702.7  -301.0  1000.0  0.1449  5.1628
       861  10        9.5   162.0  -800.0  -521.0  0.3757  1.0769
       862  10       87.3  -483.4   619.9  1000.0  0.7904  3.5393
       863  11      278.8  -800.0   340.1   -55.1  0.7188  0.5472
       864  10      401.5  -605.5  -704.8  1000.0  0.5052  3.3324
       865  10        1.6   141.9   693.5  1000.0  0.4055  1.0260
       866  11     1037.1   584.4  -800.0  -324.6  0.6854  0.6050
       867  11      169.0  -188.1  -800.0  -250.9  0.5888  1.7708
       868  11      137.6   180.6   639.5  1000.0  0.6179  3.7807
       869  10      270.0  -522.2    -1.0  1000.0  0.5027  3.0269
       870  11      224.6   800.0  -126.5  -283.1  1.0744  3.1836
       871  10      220.1   163.8  -800.0   836.4  1.0061  1.1986
       872  10      136.6  -479.2   598.6  1000.0  0.5821  0.5667
       873  11       72.5   694.8  -800.0    58.8  0.8950  1.1509
       874  11      603.1   800.0   622.3   937.2  1.2099  3.2603
       875  10      105.0     0.2   800.0  -868.0  0.8346  3.5709
       876  11       38.0  -712.7  -289.9  1000.0  0.2828  2.9567
       877  10      289.0  -800.0  -127.3   735.2  0.7662  5.7918
       878  11        6.6  -492.1  -800.0   361.3  0.7186  1.9359
       879  11       34.9  -593.2   207.3  1000.0  0.3273  5.7250
       880  10      247.7   443.4  -238.2  1000.0  0.3866  0.3979
       881  10       22.6  -638.3  -800.0  -317.6  1.0200  2.7261
       882  11       48.6  -374.4  -772.9  1000.0  0.6344  1.4697
       883  11      147.6  -800.0  -671.8    66.9  0.6790  4.8744
       884  10      155.5    77.3  -531.2  1000.0  0.4920  1.1068
       885  10      401.0   312.5    73.0  1000.0  0.9205  2.8735
       886  11      324.9  -765.2  -733.6  1000.0  0.3995  6.1009
       887  10      383.3  -170.5  -207.6  1000.0  0.5323  1.8092
       888  10      249.0   521.9  -571.5  1000.0  0.3122  1.4103
       889  10      142.8   800.0   692.3   941.8  0.8590  2.4543
       890  10       35.5   800.0  -526.4    40.0  0.7752  3.8035
       891  10      206.9  -800.0    89.5  -422.7  0.7651  5.9110
       892  10        2.8   800.0   180.4   952.7  1.3682  3.2951
       893  11        1.1  -326.2  -800.0   893.3  0.7051  2.7762
       894  11       46.6  -408.8  -800.0   491.1  0.2550  0.6968
       895  10      243.7  -265.7  -468.3  1000.0  0.5109  1.3981
       896  10      668.1  -800.0  -175.1   890.9  0.6067  1.0633
       897  11      123.1  -800.0   172.8  -323.6  0.9761  1.4855
       898  10      175.8  -800.0   -36.3   776.2  0.6987  5.5523
       899  11       10.4   731.1   508.2  1000.0  0.9862  3.4451
       900  10        9.1   342.8  -186.2  1000.0  0.5810  4.8423
       901  10      686.8    98.5  -148.7  1000.0  0.4786  4.1500
       902  11      652.9  -612.9   214.7  1000.0  0.9801  1.6644
       903  10      169.4   800.0  -743.3  -676.3  0.9376  3.3120
       904  10      257.8   800.0   -13.3  -176.3  0.3463  2.4981
       905  10      306.5  -800.0   357.5   500.7  0.4925  0.0463
       906  10       47.8   800.0    16.0   502.6  1.0871  2.7360
       907  10      652.2   800.0   406.3   565.8  1.4199  2.9631
       908  11       72.9  -800.0   592.5   757.8  0.3253  5.9903
       909  11       23.9   529.4   193.1  1000.0  0.4831  0.6922
       910  10      451.3   726.7  -376.5  1000.0  0.4096  1.5457
       911  11       69.4  -124.6  -800.0  -601.5  0.5917  1.2944
       912  11      120.3   545.9   -36.6  1000.0  0.5807  2.7561
       913  10       69.2   800.0   -39.8   740.1  0.8113  2.4213
       914  11      223.9  -374.8   -44.1  1000.0  0.7245  5.6708
       915  11       60.0  -562.0   -64.0  1000.0  0.6156  1.3607
       916  10      309.6   404.0  -481.6  1000.0  0.3568  3.8111
       917  10       25.0  -800.0   -74.0  -434.9  0.4171  5.2247
       918  10      277.1   584.4  -532.3  1000.0  0.9691  0.9277
       919  10      253.0   800.0  -655.3   890.8  0.7273  2.8186
       920  11      152.2  -115.2    21.3  1000.0  0.6301  3.5571
       921  10      857.5   495.9  -149.4  1000.0  1.0431  3.1521
       922  11     1152.5   787.6  -800.0    30.5  0.9466  0.6478
       923  10      690.5  -377.5  -800.0   648.0  0.8230  0.4754
       924  11      239.2   567.2   353.6  1000.0  0.7024  2.9198
       925  10      309.1  -436.1   630.1  1000.0  0.2191  0.3404
       926  10      226.0  -800.0  -407.4  -335.5  0.5602  0.3161
       927  11      102.6   248.1  -800.0  -636.0  0.5862  1.6053
       928  10      114.9   297.3  -662.0  1000.0  0.8364  3.4918
       929  10      380.9  -800.0   -70.4  -163.0  0.7648  0.4106
       930  11      121.5   747.3   668.5  1000.0  0.5767  1.1595
       931  11       42.6   409.1   704.4  1000.0  0.7774  3.7665
       932  10       79.9  -800.0     1.7   535.3  0.7625  6.0650
       933  10       64.9  -715.8  -137.1  1000.0  0.6931  1.2494
       934  10      171.8    86.2   127.0  1000.0  0.5262  0.2510
       935  10       70.1    77.7   127.9  1000.0  0.4892  1.0057
       936  10      705.3   335.5  -428.7  1000.0  0.5371  5.4806
       937  10      140.4  -800.0   104.9  -538.4  0.4714  5.8025
       938  10      175.7  -800.0   -19.9  -371.0  0.5347  0.4657
       939  11      129.5   -26.2   596.8  1000.0  1.0160  3.1344
       940  11       94.7   187.2  -272.0  1000.0  0.4388  0.6800
       941  10      173.5   800.0    37.4   283.6  0.7319  3.3572
       942  11      876.9   -22.6   695.6  1000.0  0.7528  3.7664
       943  11     1308.1   800.0  -631.3   893.5  0.7799  3.6454
       944  10       24.6  -774.0   800.0  -887.7  0.2058  4.6084
       945  11      484.5   230.0  -110.8  1000.0  0.2807  5.4570
       946  10       99.6   800.0  -733.9   198.6  0.3041  3.6671
       947  10      225.1   642.9   256.6  1000.0  0.4266  1.6689
       948  10       27.5   780.2  -800.0  -367.8  0.7777  2.1454
       949  11      307.8   800.0   762.9   590.6  0.5506  3.6625
       950  10      856.7   677.6  -800.0  -489.8  0.8647  1.7713
       951  10       20.5    92.6   459.1  1000.0  0.5528  0.2452
       952  11       74.5  -540.8   -31.1  1000.0  1.1614  2.7798
       953  11      125.2   -74.7   474.6  1000.0  0.5424  5.9635
       954  10       65.6   800.0   154.2  -906.7  0.3097  2.7133
       955  11       43.9  -450.0  -800.0  -728.4  0.8508  1.2233
       956  11      983.6   800.0  -216.4   150.6  0.9886  2.9806
       957  11       21.8   800.0   297.5  -354.2  0.6316  3.3391
       958  10      244.4    -3.7  -379.1  1000.0  0.3853  1.2977
       959  11      502.3  -463.8    97.0  1000.0  0.6613  3.4785
       960  11       72.0   583.5   650.1  1000.0  0.6175  2.5294
       961  11        4.4   609.2   113.8  1000.0  0.7768  0.1841
       962  10      671.1   800.0   369.9   310.9  1.3379  3.0111
       963  11       88.8   800.0  -717.6   641.7  1.1438  2.9526
       964  11      193.5   800.0  -348.2   405.9  0.4223  3.0839
       965  10       36.9  -114.2  -764.6  1000.0  0.5891  5.2807
       966  11       48.3  -800.0   401.6   374.4  0.4485  0.8944
       967  10      233.1   658.2  -617.0  1000.0  0.4701  3.8060
       968  10      631.6  -778.7   643.7  1000.0  0.5901  0.2933
       969  10      194.5   734.8   700.9  1000.0  0.7757  3.2711
       970  10       98.5  -800.0   351.8  -431.9  0.8687  1.0566
       971  10       59.7  -720.0  -800.0  -587.9  0.9516  1.4662
       972  10       85.1   133.8  -556.4  1000.0  0.7722  1.1567
       973  11       17.4  -456.2   586.4  1000.0  0.4106  1.6306
       974  10      308.1   800.0  -781.8  -765.4  1.0920  2.5228
       975  10       44.5   218.8   585.0  1000.0  0.7369  3.0267
       976  11      214.4  -556.5  -800.0  -524.6  0.5848  1.9703
       977  11       92.8    21.4   800.0   346.2  0.5143  3.6259
       978  11     1079.8  -444.7  -586.2  1000.0  0.8414  4.6655
       979  11      183.0  -800.0  -293.2   496.4  0.4693  0.9189
       980  10      362.6   459.5  -628.6  1000.0  0.2706  4.7690
       981  10       59.6  -677.4  -800.0    56.0  0.6770  2.2471
       982  10      190.3  -552.5  -800.0   916.3  1.0219  1.5884
       983  11        4.4  -458.2  -800.0   424.5  0.4768  0.4482
       984  10      263.4  -800.0   589.9  -575.2  0.9079  1.4004
       985  10       31.6  -203.2   573.7  1000.0  0.8162  5.9119
       986  10      129.3  -794.0   800.0  -725.1  0.5065  3.4020
       987  11       36.0   331.0    50.4  1000.0  0.4718  0.4479
       988  10      235.4   800.0  -528.1  -928.4  0.8714  3.5179
       989  11       10.1   112.3   112.2  1000.0  0.3597  1.2937
       990  11       55.3   539.0   259.9  1000.0  0.2258  6.0807
       991  10      338.9   135.6   548.8  1000.0  0.6588  3.7007
       992  11       15.4   545.3  -573.5  1000.0  0.9866  0.9012
       993  11       26.4   284.7   800.0   118.0  0.6976  4.5490
       994  10       28.9  -800.0  -489.1   405.8  1.0030  5.9978
       995  10      206.1   309.6  -800.0  -251.5  0.6473  1.1131
       996  10       70.8   388.8  -800.0  -285.8  0.8628  1.4671
       997  10      327.6   151.2  -800.0   900.5  0.9177  1.4373
       998  10       90.4  -800.0  -394.6   891.4  0.6476  5.9276
       999  10      118.7  -177.1   228.2  1000.0  0.5698  1.1030
      1000  10      155.1   547.8  -566.3  1000.0  0.2304  1.0293